-1.8396528959274292,-0.3724590539932251,-0.00764918327331543,-0.8218164443969727,-3.5762786865234375e-07,-1.2020243406295776,4.76837158203125e-07,-1.522965431213379,-0.05888926982879639,-9.417533874511719e-06,-0.7502732872962952,5.364418029785156e-07,-1.7322942018508911,-3.976206064224243,-6.10154390335083,-0.07550179958343506,-1.1563301086425781e-05,-0.7108784914016724,2.384185791015625e-07,-0.0208585262298584,-0.005958259105682373,-0.003443896770477295,-0.027938485145568848,-3.647804260253906e-05,-0.43292975425720215,8.344650268554688e-07,-4.094839096069336e-05,-0.0004646182060241699,-0.002937495708465576,-10.674738228321075,-0.6040229797363281,-6.613035202026367,-2.8317527770996094,-0.3447880744934082
-1.8396528959274292,-0.3724590539932251,-0.00764918327331543,-0.8218164443969727,-3.5762786865234375e-07,-1.2020243406295776,4.76837158203125e-07,-1.522965431213379,-0.05888926982879639,-9.417533874511719e-06,-0.7502732872962952,5.364418029785156e-07,-1.7322942018508911,-0.018958449363708496,-0.8675532341003418,-8.373990297317505,-0.021424531936645508,-6.1886067390441895,-1.5358418226242065,5.960464477539062e-07,-2.898842692375183,-0.175500750541687,-1.1177594661712646,-3.337860107421875e-06,-1.4414070844650269,-0.014635443687438965,-0.052182912826538086,-2.956390380859375e-05,-0.017943263053894043,-0.06293118000030518,-0.18187332153320312,-0.00016117095947265625,-0.00263291597366333,-0.0201684832572937,-0.021541357040405273,-0.0005440711975097656,-0.0002218484878540039,-0.00039374828338623047,-5.826088488101959,-2.3055612444877625
-1.8396528959274292,-1.6252800226211548,-0.9349015951156616,-1.3560224771499634,-1.0371208190917969e-05,-1.597650408744812,0.0,-2.802091360092163,-1.3113021850585938e-06,-1.2975507974624634,-0.0003985166549682617,-0.0005906820297241211,-7.2325886487960815,-8.702278137207031e-06,-1.3609603643417358,-0.8449920415878296,-1.396297812461853,-0.48888099193573,-0.006269335746765137,-0.93932044506073,-2.2649765014648438e-06,-0.3975471258163452,-0.38549602031707764,-0.1325610876083374,-0.001517653465270996,-0.9521001577377319,-1.1920928955078125e-07,-0.6067765951156616,-0.025331437587738037,-1.1458346247673035,-1.4305728077888489,-0.004873096942901611,-0.7190139889717102,1.1324882507324219e-06,-0.23314863443374634,-1.0308683514595032,-1.2903553247451782,-0.011155009269714355,-18.18012833595276,-0.34578585624694824
-1.8396528959274292,-0.3724590539932251,-0.00764918327331543,-0.8218164443969727,-3.5762786865234375e-07,-1.2020243406295776,4.76837158203125e-07,-1.522965431213379,-0.05888926982879639,-9.417533874511719e-06,-0.7502732872962952,5.364418029785156e-07,-1.7322942018508911,-0.018958449363708496,-0.8675532341003418,-8.373990297317505,-0.021424531936645508,-6.1886067390441895,-0.3662668466567993,-2.7725459337234497,-0.04924046993255615,-0.00012123584747314453,-0.0008858442306518555,-3.6307650804519653,-0.2373502254486084,-4.24347710609436,-0.22647416591644287,-5.829334259033203e-05,-0.21005356311798096,-5.960464477539062e-07,-0.03514361381530762,-0.00041961669921875,-3.436442255973816,-0.009688973426818848,-0.006000399589538574,-0.0030199289321899414,-8.58306884765625e-05,-0.002064943313598633,3.5762786865234375e-07,-19.303216099739075
-1.8396528959274292,-0.3724590539932251,-0.00764918327331543,-0.8218164443969727,-3.5762786865234375e-07,-1.2020243406295776,4.76837158203125e-07,-1.522965431213379,-0.05888926982879639,-9.417533874511719e-06,-0.7502732872962952,5.364418029785156e-07,-1.7322942018508911,-0.018958449363708496,-1.4878945350646973,-2.384185791015625e-07,-9.109853506088257,-0.022919178009033203,-2.9550830125808716,-1.6829520463943481,-8.05056095123291,-0.44123363494873047,-5.914200305938721,-0.00905609130859375,-0.5825785398483276,-0.24861562252044678,-0.18222558498382568,-1.703506350517273,-0.10831701755523682,-0.7096816301345825,-0.042731285095214844,-0.6447246074676514,-0.004591941833496094,-1.4555776119232178,-0.005655527114868164,-1.7571115493774414,-0.5737676620483398,-6.093641996383667,-0.06718695163726807,-9.18166983127594
-1.8396528959274292,-1.6252800226211548,-0.9349015951156616,-0.5371366739273071,-0.2583353519439697,-0.15203797817230225,-1.700416088104248,-0.7531498670578003,-9.864568710327148e-05,-12.779723703861237,-0.00011432170867919922,-0.1793304681777954
-1.8396528959274292,-1.6252800226211548,-0.9349015951156616,-0.5371366739273071,-0.2583353519439697,-0.15203797817230225,-1.700416088104248,-0.7531498670578003,-9.864568710327148e-05,-12.779723703861237,-0.00011432170867919922,-0.1793304681777954
-1.8396528959274292,-2.455154061317444,-2.2589104175567627,-4.982948303222656e-05,-8.463859558105469e-06,-0.6980713605880737,-3.5762786865234375e-07,-2.0166081190109253,-1.430511474609375e-06,-7.107354164123535,-0.007093548774719238,-5.0902366638183594e-05,-0.44419610500335693,-2.5033950805664062e-06,-0.03497302532196045,-0.11232578754425049,-0.13750624656677246,-7.567026615142822,-0.7272170782089233,-0.598965048789978,-0.0006333589553833008,-0.0008274316787719727
-1.8396528959274292,-0.3724590539932251,-0.00764918327331543,-0.8218164443969727,-3.5762786865234375e-07,-1.2020243406295776,4.76837158203125e-07,-1.522965431213379,-0.05888926982879639,-9.417533874511719e-06,-0.7502732872962952,5.364418029785156e-07,-1.7322942018508911,-0.018958449363708496,-3.2316755056381226,-3.5762786865234375e-07,-0.004549086093902588,-0.6651881337165833,-1.5658313632011414,-0.5271331667900085,-9.610747575759888,-0.00931096076965332,1.0728836059570312e-06,-0.0039037466049194336,5.960464477539063e-08,-0.00025779008865356445,-1.0132789611816406e-06,-11.832339465618134,-1.5735626220703125e-05,-2.6226043701171875e-06,-9.158629059791565,-4.887580871582031e-06,-6.356694579124451,-0.001925349235534668,-2.9802322387695312e-06,-1.0728836059570312e-06,1.9073486328125e-06,-13.647852420806885,-0.021126151084899902,-19.214247345924377
-1.8396528959274292,-1.6252800226211548,-0.9349015951156616,-0.5371366739273071,-0.2583353519439697,-0.15203797817230225,-1.700416088104248,-0.7531498670578003,-9.864568710327148e-05,-12.779723703861237,-0.00011432170867919922,-0.1793304681777954
-1.8396528959274292,-0.3724590539932251,-0.00764918327331543,-0.8218164443969727,-3.5762786865234375e-07,-1.2020243406295776,4.76837158203125e-07,-1.522965431213379,-0.05888926982879639,-9.417533874511719e-06,-0.7502732872962952,5.364418029785156e-07,-1.7322942018508911,-0.018958449363708496,-0.8675532341003418,-8.373990297317505,-0.021424531936645508,-6.1886067390441895,-0.3662668466567993,-0.48858416080474854,-0.7298928499221802,-0.8903077840805054,-4.76837158203125e-06,-3.7587342262268066,-0.13184595108032227,-1.5671412944793701,-0.0009410381317138672,-5.658289909362793,-0.12895512580871582,-2.030533790588379,-5.602836608886719e-06,-0.26442134380340576,-0.009161233901977539,-0.3379249572753906,-1.2636184692382812e-05,-0.0010972023010253906,-0.009054183959960938,-0.018550395965576172,-3.7550926208496094e-05,-0.0011702775955200195
-1.8396528959274292,-0.3724590539932251,-0.00764918327331543,-0.8218164443969727,-3.5762786865234375e-07,-1.2020243406295776,4.76837158203125e-07,-1.522965431213379,-8.60800564289093,-0.1489940881729126,-6.414093375205994,-1.509353518486023,-0.033249497413635254,-0.00010263919830322266,-0.038153767585754395,-5.960464477539062e-07,-0.28372371196746826,-1.3921717405319214,-4.564249038696289,-0.532428503036499,-0.006141781806945801,-0.6105281114578247,-4.76837158203125e-07,-0.3301045894622803,-0.40482890605926514,-1.2684367895126343,-1.9812301397323608,-0.6541775465011597,-0.21482694149017334,-0.036920905113220215,-0.003310680389404297,-0.009064912796020508
-1.8396528959274292,-2.455154061317444,-2.2589104175567627,-4.982948303222656e-05,-8.463859558105469e-06,-0.6980713605880737,-3.5762786865234375e-07,-2.0166081190109253,-1.430511474609375e-06,-7.107354164123535,-0.007093548774719238,-5.0902366638183594e-05,-0.44419610500335693,-2.5033950805664062e-06,-0.03497302532196045,-0.11232578754425049,-0.13750624656677246,-7.567026615142822,-0.926093339920044,-7.54526948928833,-0.2894946336746216,-2.0618878602981567,-0.4970703125,-9.007412672042847,-0.4605516195297241,-0.0347064733505249
-1.8396528959274292,-0.3724590539932251,-0.00764918327331543,-0.8218164443969727,-3.5762786865234375e-07,-1.2020243406295776,4.76837158203125e-07,-1.522965431213379,-0.05888926982879639,-9.417533874511719e-06,-0.7502732872962952,5.364418029785156e-07,-1.7322942018508911,-0.018958449363708496,-1.4878945350646973,-2.384185791015625e-07,-5.785148441791534,-4.500150680541992e-05,-14.093067049980164,-13.891977429389954,-3.3090884685516357,-0.8692300319671631,-0.7229218482971191,-0.018571853637695312,-1.8904094696044922,-0.2267293930053711
-1.8396528959274292,-0.3724590539932251,-0.00764918327331543,-0.8218164443969727,-3.5762786865234375e-07,-1.2020243406295776,4.76837158203125e-07,-1.522965431213379,-0.05888926982879639,-9.417533874511719e-06,-0.7502732872962952,5.364418029785156e-07,-1.7322942018508911,-0.018958449363708496,-0.8675532341003418,-8.373990297317505,-0.021424531936645508,-6.1886067390441895,-0.3662668466567993,-0.48858416080474854,-1.6093831062316895,-2.7451632022857666,-0.03822767734527588,-0.00018846988677978516,-4.404804706573486,4.76837158203125e-07,-0.8327832221984863,-0.00015163421630859375,-1.7032071352005005,-0.18542206287384033,-0.10033655166625977,-0.17632460594177246,-0.0002218484878540039,-0.14042961597442627,-2.1457672119140625e-06,-0.006256103515625,-0.01761716604232788,-0.38231736421585083,-0.151935875415802,-10.614239633083344
-1.8396528959274292,-0.3724590539932251,-0.00764918327331543,-0.8218164443969727,-3.5762786865234375e-07,-1.2020243406295776,4.76837158203125e-07,-1.522965431213379,-0.05888926982879639,-9.417533874511719e-06,-0.7502732872962952,5.364418029785156e-07,-1.7322942018508911,-0.018958449363708496,-0.8675532341003418,-8.373990297317505,-0.021424531936645508,-6.1886067390441895,-0.3662668466567993,-2.7725459337234497,-0.04924046993255615,-0.00012123584747314453,-0.0008858442306518555,-2.007426381111145,-0.1346069574356079,-0.013697028160095215,-0.8501937389373779,-0.31664538383483887,-7.907700181007385,-0.002081751823425293,-1.1563301086425781e-05,-0.18725192546844482,2.384185791015625e-07,-0.2705509662628174,-6.079673767089844e-06,-4.436164021492004,-0.23186910152435303,-2.7418136596679688e-06,-4.359572887420654,-23.241283178329468
-1.8396528959274292,-0.3724590539932251,-0.00764918327331543,-0.8218164443969727,-3.5762786865234375e-07,-1.2020243406295776,4.76837158203125e-07,-1.522965431213379,-0.05888926982879639,-9.417533874511719e-06,-0.7502732872962952,5.364418029785156e-07,-1.7322942018508911,-0.018958449363708496,-1.4878945350646973,-2.384185791015625e-07,-9.109853506088257,-0.022919178009033203,-3.0275917053222656,-0.03762221336364746,-0.7626903057098389,-0.09167981147766113,-0.06279706954956055,-0.3914985656738281,-0.0006951093673706055,-0.0006563663482666016,-0.26450979709625244,-0.38672375679016113,-3.256653845310211,-0.05586785078048706,-5.608630180358887,-0.08170294761657715,-0.5802870988845825,-0.42739152908325195,-2.202703356742859,-0.1294236183166504,-0.8770991563796997,-0.7757821083068848,-0.1753166913986206,-1.5689396858215332
-2.404165744781494,-0.02554774284362793,-0.05096632242202759,-0.08302730321884155,-2.126035511493683,-0.0777319073677063,-2.3245811462402344e-06,-0.8398148417472839,-3.5762786865234375e-07,-0.2726644277572632,-2.5033950805664062e-06,-1.2130368947982788,-0.01713383197784424,-4.649162292480469e-06,-0.34855917096138,-1.4007091522216797e-06,-0.8047444522380829,-0.07853695750236511,-2.8137758374214172,-2.04453444480896,-7.683038711547852e-05,-6.854534149169922e-06,-1.0728836059570312e-06,-0.0009592771530151367,5.960464477539063e-08,-1.0669231414794922e-05,-2.5331974029541016e-06,-8.186126679182053,-2.8133392333984375e-05,-0.13837313652038574,-1.0032660365104675,-0.22562867403030396,-2.9164836406707764,-0.016865134239196777,-1.9073486328125e-06,-0.6506153345108032,6.556510925292969e-07,-0.4348962903022766,-4.887580871582031e-06,-9.902297019958496
-1.8396528959274292,-0.3724590539932251,-0.00764918327331543,-0.8218164443969727,-3.5762786865234375e-07,-1.2020243406295776,4.76837158203125e-07,-1.522965431213379,-0.05888926982879639,-9.417533874511719e-06,-0.7502732872962952,5.364418029785156e-07,-1.7322942018508911,-0.018958449363708496,-0.8675532341003418,-8.373990297317505,-0.021424531936645508,-6.1886067390441895,-0.3662668466567993,-0.48858416080474854,-0.7298928499221802,-1.0051201581954956,-0.7302742004394531,-0.9213533401489258,-1.9880348443984985,-2.851439595222473,-2.535352945327759,-0.15395593643188477,-0.007636308670043945
-1.8396528959274292,-0.3724590539932251,-5.006188869476318,-16.567742347717285,-9.5367431640625e-07,-0.5314865112304688,-2.384185791015625e-07,-1.547875165939331,-0.06167173385620117,-2.002716064453125e-05,-0.8371987342834473,-9.5367431640625e-07,-3.26033353805542,-0.05574369430541992,-0.24045324325561523,-1.430511474609375e-06,-7.474017858505249,-0.00043892860412597656,-10.296515941619873,-13.010831356048584,-3.7825231552124023,-0.7503275871276855,-1.1327507495880127,-2.9313251972198486,-2.0593597888946533,-14.737411737442017,-3.2564351558685303,-5.414277791976929,-2.2275540828704834,-2.487989664077759,-11.996824502944946,-0.04172968864440918,-0.5855951309204102,-0.5591440200805664,-1.2637627124786377,-0.36777567863464355,-0.027946949005126953,-0.6932239532470703,3.5762786865234375e-06,-1.136531114578247
-1.8396528959274292,-0.3724590539932251,-0.00764918327331543,-0.8218164443969727,-3.5762786865234375e-07,-1.2020243406295776,4.76837158203125e-07,-1.522965431213379,-0.05888926982879639,-9.417533874511719e-06,-0.7502732872962952,5.364418029785156e-07,-1.7322942018508911,-0.018958449363708496,-0.8675532341003418,-8.373990297317505,-0.021424531936645508,-6.1886067390441895,-1.5358418226242065,5.960464477539062e-07,-2.898842692375183,-0.175500750541687,-2.53424072265625,-0.021500825881958008,-1.5042166709899902,-0.28287816047668457,-1.5255531072616577,-0.13168418407440186,-3.512593388557434,-3.3779791593551636,-3.6631321907043457,-0.415529727935791,-5.596392869949341,-14.908263206481934,-3.1187703609466553,-14.660426139831543,-14.31076455116272,-2.6995909214019775,-2.095140218734741,-2.8899333477020264
-1.8396528959274292,-0.3724590539932251,-0.00764918327331543,-0.8218164443969727,-3.5762786865234375e-07,-1.2020243406295776,4.76837158203125e-07,-1.522965431213379,-0.05888926982879639,-9.417533874511719e-06,-0.7502732872962952,5.364418029785156e-07,-1.7322942018508911,-0.018958449363708496,-0.8675532341003418,-8.373990297317505,-0.021424531936645508,-6.1886067390441895,-0.3662668466567993,-1.7942596673965454,-3.3400754928588867,-7.730581521987915,-1.2034584283828735,-0.9805833101272583
-1.8396528959274292,-0.3724590539932251,-0.00764918327331543,-0.8218164443969727,-3.5762786865234375e-07,-1.2020243406295776,4.76837158203125e-07,-1.522965431213379,-0.05888926982879639,-9.417533874511719e-06,-0.7502732872962952,5.364418029785156e-07,-1.7322942018508911,-0.018958449363708496,-0.8675532341003418,-8.373990297317505,-0.021424531936645508,-6.1886067390441895,-1.5358418226242065,5.960464477539062e-07,-2.898842692375183,-0.175500750541687,-1.1177594661712646,-3.337860107421875e-06,-1.4414070844650269,-0.014635443687438965,-0.052182912826538086,-2.956390380859375e-05,-0.017943263053894043,-0.06293118000030518,-0.18187332153320312,-0.00016117095947265625,-0.00263291597366333,-0.0201684832572937,-0.021541357040405273,-0.0005440711975097656,-0.0002218484878540039,-0.00039374828338623047,-0.08612579107284546,-0.0003917813301086426
-1.8396528959274292,-2.455154061317444,-2.2589104175567627,-4.982948303222656e-05,-8.463859558105469e-06,-0.6980713605880737,-3.5762786865234375e-07,-2.0166081190109253,-1.430511474609375e-06,-7.107354164123535,-0.007093548774719238,-5.0902366638183594e-05,-0.44419610500335693,-2.5033950805664062e-06,-0.03497302532196045,-2.2425423860549927,-1.5611588954925537,-1.790419340133667,-0.09425914287567139,-0.1511141061782837,-0.0004197359085083008,-0.5667568445205688,-1.5497207641601562e-06,-0.02768242359161377,-0.12574470043182373,-0.9474674463272095,-4.477048993110657,-0.09486424922943115,-2.4504326581954956,-0.14918267726898193,-2.3217424154281616,-0.0003165006637573242,-3.9665725231170654,-0.28162693977355957,-0.09538924694061279,-0.7587348222732544
-1.8396528959274292,-0.3724590539932251,-0.00764918327331543,-0.8218164443969727,-3.5762786865234375e-07,-1.2020243406295776,4.76837158203125e-07,-1.522965431213379,-0.05888926982879639,-9.417533874511719e-06,-0.7502732872962952,5.364418029785156e-07,-1.7322942018508911,-0.018958449363708496,-1.4878945350646973,-2.384185791015625e-07,-9.109853506088257,-0.022919178009033203,-1.7349175214767456,-0.0009769201278686523,-0.9002209901809692,-1.2835079431533813,-2.299197554588318,-0.0028775930404663086,-1.0342869758605957,-0.2139434814453125,-0.4521663188934326,-0.0036513805389404297,-0.04547852277755737,-0.061705052852630615,-0.24318212270736694,-0.0015649199485778809,-0.0018075108528137207,-0.002483069896697998,-1.2169001698493958,-0.3210145831108093
-1.8396528959274292,-0.3724590539932251,-0.00764918327331543,-0.8218164443969727,-3.5762786865234375e-07,-1.2020243406295776,4.76837158203125e-07,-1.522965431213379,-0.05888926982879639,-9.417533874511719e-06,-0.7502732872962952,5.364418029785156e-07,-1.7322942018508911,-0.018958449363708496,-1.4878945350646973,-2.384185791015625e-07,-9.109853506088257,-0.022919178009033203,-2.9550830125808716,-2.243228554725647,-8.975210785865784,-0.1169959306716919,-1.9248757362365723,-0.4934670925140381,-0.05212509632110596,-0.5190595388412476,-1.3373172283172607,-5.763413190841675,-0.2513611316680908,-0.012012004852294922,-0.025352835655212402,-0.09947192668914795,-0.504615306854248,-3.421260118484497,-2.450852870941162,-0.6230185031890869,-0.03417563438415527,-0.07605195045471191,-0.007505297660827637,-1.2069507837295532
-1.8396528959274292,-0.3724590539932251,-0.00764918327331543,-0.8218164443969727,-3.5762786865234375e-07,-1.2020243406295776,4.76837158203125e-07,-1.522965431213379,-0.05888926982879639,-9.417533874511719e-06,-0.7502732872962952,5.364418029785156e-07,-1.7322942018508911,-0.018958449363708496,-0.8675532341003418,-8.373990297317505,-0.021424531936645508,-6.1886067390441895,-0.3662668466567993,-1.7942596673965454,-0.3509817123413086,-7.036893606185913,-0.00035560131072998047,-0.011321425437927246
-1.8396528959274292,-0.3724590539932251,-0.00764918327331543,-0.8218164443969727,-3.5762786865234375e-07,-1.2020243406295776,4.76837158203125e-07,-5.215832710266113,-0.00016200542449951172,-2.002716064453125e-05,-7.704019069671631,-1.1920928955078125e-07,-4.23741602897644,-2.085009813308716,-6.326457381248474,-1.010748028755188,-0.0031838417053222656,-0.7113533020019531,-4.76837158203125e-07,-0.40925025939941406,-0.0008701086044311523,-1.3424497842788696,-1.312648892402649,-0.019219279289245605,-0.7865430116653442,-5.841255187988281e-06,-0.681251049041748,-0.2020094394683838,-1.1540729999542236,-0.7424514293670654,-0.13305342197418213,-0.09792172908782959,-0.0019457340240478516,-0.745572566986084,2.1457672119140625e-06,-0.07998418807983398,-0.12377989292144775,-0.6001912355422974,-0.06272256374359131,-11.64581286907196
-1.8396528959274292,-0.3724590539932251,-0.00764918327331543,-0.8218164443969727,-3.5762786865234375e-07,-1.2020243406295776,4.76837158203125e-07,-1.522965431213379,-0.05888926982879639,-9.417533874511719e-06,-0.7502732872962952,5.364418029785156e-07,-1.7322942018508911,-0.018958449363708496,-1.4878945350646973,-2.384185791015625e-07,-5.785148441791534,-4.500150680541992e-05,-14.093067049980164,-13.891977429389954,-3.3090884685516357,-0.8692300319671631,-0.7229218482971191,-0.018571853637695312,-1.8904094696044922,-0.2267293930053711
-1.8396528959274292,-0.3724590539932251,-0.00764918327331543,-0.8218164443969727,-3.5762786865234375e-07,-1.2020243406295776,4.76837158203125e-07,-1.522965431213379,-0.05888926982879639,-9.417533874511719e-06,-0.7502732872962952,5.364418029785156e-07,-1.7322942018508911,-0.018958449363708496,-0.8675532341003418,-8.373990297317505,-0.021424531936645508,-6.1886067390441895,-0.3662668466567993,-0.48858416080474854,-0.7298928499221802,-1.0051201581954956,-4.0615997314453125,-6.932861328125,-0.46334588527679443,-0.5219348669052124,-0.041027188301086426,-2.3832494020462036,-1.303612232208252,-0.18811464309692383,-4.071438193321228,-0.0616375207901001,-0.23853445053100586
-1.8396528959274292,-0.3724590539932251,-0.00764918327331543,-0.8218164443969727,-3.5762786865234375e-07,-1.2020243406295776,4.76837158203125e-07,-1.522965431213379,-0.05888926982879639,-9.417533874511719e-06,-0.7502732872962952,5.364418029785156e-07,-1.7322942018508911,-0.018958449363708496,-0.8675532341003418,-8.373990297317505,-0.021424531936645508,-6.1886067390441895,-0.3662668466567993,-1.7942596673965454,-0.3509817123413086,-7.036893606185913,-0.00035560131072998047,-0.011321425437927246
-1.8396528959274292,-0.3724590539932251,-0.00764918327331543,-0.8218164443969727,-3.5762786865234375e-07,-1.2020243406295776,4.76837158203125e-07,-1.522965431213379,-0.05888926982879639,-9.417533874511719e-06,-0.7502732872962952,5.364418029785156e-07,-1.7322942018508911,-0.018958449363708496,-0.8675532341003418,-8.373990297317505,-0.021424531936645508,-6.1886067390441895,-1.5358418226242065,5.960464477539062e-07,-2.898842692375183,-0.175500750541687,-1.1634929180145264,-1.6380620002746582,-2.1148624420166016,-2.804534435272217,-1.9073486328125e-05,-0.0019025802612304688,-5.213650941848755,-0.6966073513031006,-0.012560009956359863,-0.006714224815368652,-0.04665517807006836,-0.2737538814544678,-3.5476207733154297,-0.09000706672668457,-1.7505871057510376,-2.5558139085769653,-3.1051347255706787,-5.817413330078125e-05
-1.8396528959274292,-0.3724590539932251,-0.00764918327331543,-0.8218164443969727,-3.5762786865234375e-07,-1.2020243406295776,4.76837158203125e-07,-1.522965431213379,-0.05888926982879639,-9.417533874511719e-06,-0.7502732872962952,5.364418029785156e-07,-1.7322942018508911,-0.018958449363708496,-0.8675532341003418,-8.373990297317505,-0.021424531936645508,-6.1886067390441895,-0.3662668466567993,-0.48858416080474854,-2.8065366744995117,-2.7807962894439697,-0.10599291324615479,-1.6498605012893677,-0.14807677268981934,-1.6804077625274658,-0.001766204833984375,-0.25069093704223633,1.3113021850585938e-06,-0.10304510593414307,-0.004829287528991699,-2.265081763267517,-0.10716378688812256,-0.0004094839096069336,-0.8385999202728271,4.76837158203125e-07,-0.06153905391693115,-0.08121681213378906,-6.996523499488831,-9.729567527770996
-2.404165744781494,-4.544572830200195,-4.2438507080078125e-05,-0.8064060211181641,-1.1920928955078125e-07,-1.5182465314865112,-7.033348083496094e-06,-1.5222584009170532,-0.020396709442138672,-1.33514404296875e-05,-0.8669441938400269,3.5762786865234375e-07,-1.4532945156097412,-0.001747727394104004,-0.7387422323226929,-0.02289128303527832,-5.424022674560547e-06,-0.34926730394363403,3.5762786865234375e-07,-0.0007921457290649414,-0.00753861665725708,-4.7634236216545105,-0.010703623294830322,-2.4020671844482422e-05,-0.7608098387718201,1.7881393432617188e-07,-0.05904507637023926,-0.0024309158325195312,-0.07504183053970337,-4.112720489501953e-06,-8.13776969909668,-0.001172184944152832,-12.965500831604004,-13.529135465621948,-2.271213412284851
-1.8396528959274292,-1.6252800226211548,-0.9349015951156616,-0.5371366739273071,-1.9241623878479004,-7.152557373046875e-06,-1.9784057140350342,-0.9494626522064209,-0.015185832977294922,-0.645512580871582,2.682209014892578e-06,-4.3093326687812805,-9.5367431640625e-07,-4.3287599086761475,-0.28418266773223877,-0.0013614892959594727,-0.03747713565826416,-0.04158151149749756,-0.013986945152282715,-0.0006390810012817383,-0.7557812929153442,-1.0881389379501343,-0.4589666724205017,-0.0005379319190979004,-0.8156284093856812,5.960464477539062e-07,-0.0862799882888794,1.1920928955078125e-07,-4.240272164344788,-0.04227590560913086,-1.4781951904296875e-05,-0.3186274766921997,-1.8477439880371094e-06,-0.31686490774154663,-0.023443281650543213,-1.8408933281898499,-5.418062210083008e-05,-1.3649463653564453e-05,-1.621246337890625e-05,5.960464477539062e-07
-1.8396528959274292,-0.3724590539932251,-0.00764918327331543,-0.8218164443969727,-3.5762786865234375e-07,-1.2020243406295776,4.76837158203125e-07,-1.522965431213379,-0.05888926982879639,-9.417533874511719e-06,-0.7502732872962952,5.364418029785156e-07,-1.7322942018508911,-0.018958449363708496,-1.4878945350646973,-2.384185791015625e-07,-5.785148441791534,-4.500150680541992e-05,-14.093067049980164,-13.891977429389954,-3.075251340866089,-2.558769941329956,-1.072352409362793,-2.1067585945129395,-1.257183313369751,-1.6149485111236572,-3.6083977222442627,-0.0004990100860595703,-0.013233661651611328,-2.504397392272949,-2.1195054054260254,-4.180279731750488,-5.430034875869751,-15.863824129104614,-6.524201154708862,-4.064698934555054,-0.36908626556396484,-0.4831662178039551,-1.3007545471191406,-7.248236179351807
-1.8396528959274292,-0.3724590539932251,-0.00764918327331543,-0.8218164443969727,-3.5762786865234375e-07,-1.2020243406295776,4.76837158203125e-07,-1.522965431213379,-0.05888926982879639,-9.417533874511719e-06,-0.7502732872962952,5.364418029785156e-07,-1.7322942018508911,-0.018958449363708496,-0.8675532341003418,-8.373990297317505,-0.021424531936645508,-6.1886067390441895,-0.3662668466567993,-0.48858416080474854,-0.7298928499221802,-1.0051201581954956,-2.396019220352173,-0.8187196254730225,-0.9475787878036499,-0.0001367330551147461,-0.018852829933166504,-1.739543080329895,-2.0915340185165405,-0.36854445934295654,-3.9840372800827026,-0.00583493709564209,-0.21055865287780762
-1.8396528959274292,-0.3724590539932251,-0.00764918327331543,-0.8218164443969727,-3.5762786865234375e-07,-1.2020243406295776,4.76837158203125e-07,-1.522965431213379,-0.05888926982879639,-9.417533874511719e-06,-0.7502732872962952,5.364418029785156e-07,-1.7322942018508911,-0.018958449363708496,-0.8675532341003418,-8.373990297317505,-0.021424531936645508,-6.1886067390441895,-1.5358418226242065,5.960464477539062e-07,-2.898842692375183,-0.175500750541687,-1.4831582307815552,-0.0015965700149536133,-2.289211392402649,-0.2857764959335327,-0.6954474449157715,-0.0013670921325683594,-0.42320919036865234,-0.07244205474853516,-0.34049761295318604,-0.0010069608688354492,-0.0071811676025390625,-0.024042367935180664,-0.1572069525718689,-11.837899506092072,-9.700654745101929,-10.273126602172852,-14.563361883163452,-12.870791912078857
-1.8396528959274292,-1.6252800226211548,-0.9349015951156616,-0.5371366739273071,-0.2583353519439697,-0.15203797817230225,-1.700416088104248,-0.7531498670578003,-9.864568710327148e-05,-12.779723703861237,-0.00011432170867919922,-0.1793304681777954
-1.8396528959274292,-0.3724590539932251,-0.00764918327331543,-0.8218164443969727,-3.5762786865234375e-07,-1.2020243406295776,4.76837158203125e-07,-1.522965431213379,-0.05888926982879639,-9.417533874511719e-06,-0.7502732872962952,5.364418029785156e-07,-1.7322942018508911,-0.018958449363708496,-1.4878945350646973,-2.384185791015625e-07,-9.109853506088257,-0.022919178009033203,-3.0275917053222656,-0.03762221336364746,-0.7626903057098389,-0.09167981147766113,-0.06279706954956055,-3.856842517852783,-0.41407275199890137,-11.728411674499512,-2.052603602409363,-5.602836608886719e-06,-5.2188801765441895,-0.08685803413391113,-2.880165696144104,-0.012932896614074707,-0.28231072425842285,-0.09676790237426758,-0.7774255275726318,-0.024204254150390625,-0.003733515739440918,-4.56938111782074,-0.21315538883209229,-0.014738678932189941
-1.8396528959274292,-0.3724590539932251,-0.00764918327331543,-0.8218164443969727,-3.5762786865234375e-07,-1.2020243406295776,4.76837158203125e-07,-1.522965431213379,-0.05888926982879639,-9.417533874511719e-06,-0.7502732872962952,5.364418029785156e-07,-1.7322942018508911,-0.018958449363708496,-1.4878945350646973,-2.384185791015625e-07,-5.785148441791534,-4.500150680541992e-05,-14.093067049980164,-13.891977429389954,-4.297023296356201
-1.8396528959274292,-1.6252800226211548,-0.9349015951156616,-0.5371366739273071,-0.2583353519439697,-0.15203797817230225,-1.700416088104248,-0.7531498670578003,-9.864568710327148e-05,-12.779723703861237,-0.00011432170867919922,-0.1793304681777954
-1.8396528959274292,-0.3724590539932251,-0.00764918327331543,-0.8218164443969727,-3.5762786865234375e-07,-1.2020243406295776,4.76837158203125e-07,-1.522965431213379,-0.05888926982879639,-9.417533874511719e-06,-0.7502732872962952,5.364418029785156e-07,-1.7322942018508911,-0.018958449363708496,-3.2316755056381226,-3.5762786865234375e-07,-0.004549086093902588,-0.6651881337165833,-1.5658313632011414,-8.066130101680756,-1.4658364057540894,-3.773058533668518,-1.1920928955078125e-07,-2.2649765014648438e-06,-15.817091345787048,-0.00021445751190185547,-10.364889740943909,-14.988308072090149,-5.302788972854614,-12.794946432113647,-0.966590404510498,-0.48369455337524414,-0.24163317680358887,-1.0111401081085205,-0.5465273857116699,-0.022800922393798828,-0.5017836093902588,-7.3909759521484375e-06,-1.4284346103668213,-0.3636605739593506
-1.8396528959274292,-0.3724590539932251,-0.00764918327331543,-0.8218164443969727,-3.5762786865234375e-07,-1.2020243406295776,4.76837158203125e-07,-1.522965431213379,-0.05888926982879639,-9.417533874511719e-06,-0.7502732872962952,5.364418029785156e-07,-1.7322942018508911,-0.018958449363708496,-0.8675532341003418,-8.373990297317505,-0.021424531936645508,-6.1886067390441895,-0.3662668466567993,-0.48858416080474854,-8.93456745147705,-0.41735148429870605,-0.00025582313537597656,-0.5749673843383789,1.0728836059570312e-06,-0.29521262645721436,-0.0022819042205810547,-2.467397689819336,-1.0461876392364502,-0.11870861053466797,-5.810579299926758,-0.14481759071350098,-4.598993301391602,-0.2661473751068115,-6.83774733543396,-0.010731220245361328,-0.7922394275665283,-0.0009827613830566406,-0.7781320810317993,-5.960464477539062e-07
-1.8396528959274292,-0.3724590539932251,-0.00764918327331543,-0.8218164443969727,-3.5762786865234375e-07,-1.2020243406295776,4.76837158203125e-07,-1.522965431213379,-0.05888926982879639,-9.417533874511719e-06,-0.7502732872962952,5.364418029785156e-07,-1.7322942018508911,-0.018958449363708496,-0.8675532341003418,-8.373990297317505,-0.021424531936645508,-6.1886067390441895,-0.3662668466567993,-0.48858416080474854,-0.7298928499221802,-1.0051201581954956,-2.396019220352173,-2.3925797939300537,-6.927993416786194,-1.0235260725021362,-0.5185564756393433,-2.8607064485549927,-1.657360553741455,-0.002350330352783203,-0.4872169494628906,4.76837158203125e-07,-0.21376276016235352,-0.10235261917114258,-1.4323793649673462,-0.4451960325241089,-0.0012170076370239258,-0.7295280694961548,1.9073486328125e-06,-12.59073519706726
-1.8396528959274292,-0.3724590539932251,-5.006188869476318,-16.567742347717285,-9.5367431640625e-07,-0.5314865112304688,-2.384185791015625e-07,-1.547875165939331,-0.06167173385620117,-2.002716064453125e-05,-0.8371987342834473,-9.5367431640625e-07,-3.26033353805542,-0.05574369430541992,-0.24045324325561523,-1.430511474609375e-06,-7.474017858505249,-0.00043892860412597656,-10.296515941619873,-13.010831356048584,-3.7825231552124023,-0.7503275871276855,-0.7906546592712402,-0.09041881561279297,-0.3186371326446533,-0.014489889144897461,-0.010917425155639648,-3.4057457447052,-0.10343360900878906,-0.5620870590209961,-0.033097028732299805,-3.4020464420318604,-0.02951812744140625,-2.984074115753174,-2.595942497253418,-0.005192279815673828,-0.003375530242919922,-0.4304842948913574,-0.20173072814941406,-2.3767690658569336
-2.404165744781494,-0.02554774284362793,-0.05096632242202759,-0.08302730321884155,-2.460071563720703,-1.3113021850585938e-06,-3.2519451379776,-0.6328613758087158,-10.693960428237915,-19.94454836845398,-1.3109407424926758,-5.160442352294922,-0.08570194244384766,-5.421908855438232,-15.33735466003418,-5.27399206161499,-0.06125974655151367,-1.3660836219787598,-3.1729416847229004,-0.448453426361084,-0.8997399806976318,-0.02460646629333496,-3.7663631439208984,-0.1305680274963379,-0.19705677032470703,-0.011370182037353516,-3.2581357955932617,-2.0487427711486816,-0.2919423580169678,-14.441715002059937,-2.6916520595550537,-5.717178106307983,-0.460888147354126,-1.1947128772735596,-0.23147964477539062,-0.0897068977355957,-0.21285271644592285,-0.7992980480194092,-10.490751504898071,-4.688959836959839
-1.8396528959274292,-0.3724590539932251,-0.00764918327331543,-0.8218164443969727,-3.5762786865234375e-07,-1.2020243406295776,4.76837158203125e-07,-1.522965431213379,-0.05888926982879639,-9.417533874511719e-06,-0.7502732872962952,5.364418029785156e-07,-1.7322942018508911,-0.018958449363708496,-0.8675532341003418,-8.373990297317505,-0.021424531936645508,-6.1886067390441895,-0.3662668466567993,-0.48858416080474854,-1.6093831062316895,-2.7451632022857666,-0.03822767734527588,-0.00018846988677978516,-4.404804706573486,4.76837158203125e-07,-0.8327832221984863,-0.00015163421630859375,-1.7032071352005005,-0.18542206287384033,-0.10033655166625977,-0.17632460594177246,-0.0002218484878540039,-0.14042961597442627,-2.1457672119140625e-06,-0.006256103515625,-0.01761716604232788,-0.38231736421585083,-0.151935875415802,-10.614239633083344
-1.8396528959274292,-0.3724590539932251,-0.00764918327331543,-0.8218164443969727,-3.5762786865234375e-07,-1.2020243406295776,4.76837158203125e-07,-1.522965431213379,-0.05888926982879639,-9.417533874511719e-06,-0.7502732872962952,5.364418029785156e-07,-1.7322942018508911,-0.018958449363708496,-0.8675532341003418,-8.373990297317505,-0.021424531936645508,-6.1886067390441895,-0.3662668466567993,-0.48858416080474854,-0.7298928499221802,-6.832303166389465,-0.03692066669464111,-2.491487145423889,-0.17269253730773926
-1.8396528959274292,-1.6252800226211548,-0.9349015951156616,-0.5371366739273071,-1.9241623878479004,-7.152557373046875e-06,-1.9784057140350342,-0.9494626522064209,-0.015185832977294922,-0.645512580871582,2.682209014892578e-06,-4.3093326687812805,-9.5367431640625e-07,-4.3287599086761475,-0.28418266773223877,-0.0013614892959594727,-0.03747713565826416,-0.04158151149749756,-0.013986945152282715,-0.0006390810012817383,-0.7557812929153442,-1.5533941984176636,-1.1324882507324219e-06,-11.46736365556717,-0.038655877113342285,-0.0003546476364135742,-6.214033365249634,-0.07758212089538574,-2.023633599281311,-0.00015556812286376953,-0.19161903858184814,-0.3438936471939087,-0.04902541637420654,-0.12297427654266357,-0.03265273571014404,-0.00019109249114990234,-0.05295729637145996,-0.011863470077514648,-0.004927396774291992,-10.00066065788269
-2.404165744781494,-0.02554774284362793,-0.05096632242202759,-0.08302730321884155,-2.126035511493683,-0.0777319073677063,-2.3245811462402344e-06,-0.8398148417472839,-3.5762786865234375e-07,-0.2726644277572632,-2.5033950805664062e-06,-1.2130368947982788,-0.01713383197784424,-4.649162292480469e-06,-0.34855917096138,-1.4007091522216797e-06,-0.8047444522380829,-0.07853695750236511,-2.8137758374214172,-0.15660500526428223,4.76837158203125e-07,-5.247080683708191,1.7881393432617188e-07,-4.726995527744293,-1.4839288592338562,-8.386373519897461e-05,-3.0100345611572266e-05,-0.12323099374771118,-1.2002124190330505,-4.12268203496933,-0.2497594952583313,-2.762010157108307,-0.978034496307373,-3.1903553009033203,-5.269050598144531e-05,-1.9681179523468018,-0.0001329183578491211,-1.9073486328125e-06
-1.8396528959274292,-0.3724590539932251,-0.00764918327331543,-0.8218164443969727,-3.5762786865234375e-07,-1.2020243406295776,4.76837158203125e-07,-1.522965431213379,-0.05888926982879639,-9.417533874511719e-06,-0.7502732872962952,5.364418029785156e-07,-1.7322942018508911,-0.018958449363708496,-0.8675532341003418,-8.373990297317505,-0.021424531936645508,-6.1886067390441895,-0.3662668466567993,-0.48858416080474854,-1.6093831062316895,-3.3148086071014404,-0.5382953882217407,-0.5000296831130981,-0.15067803859710693,-0.3285468816757202,-4.382158398628235,-0.7619329690933228,-5.21436607837677,-0.2772480249404907,-1.4149112701416016,-0.7433841228485107,-5.713641166687012,-0.1847681999206543,-1.2827231884002686,-0.7809078693389893,-0.03453230857849121,-0.008503437042236328
-1.8396528959274292,-1.6252800226211548,-0.9349015951156616,-0.5371366739273071,-0.2583353519439697,-0.15203797817230225,-1.700416088104248,-0.7128971815109253,-3.451108932495117e-05,-0.6688874363899231,8.344650268554688e-07,-6.280565142631531,-7.152557373046875e-07,-4.6150221824646,-1.5666735172271729,-0.00013113021850585938,-2.099913716316223,-1.7881393432617188e-06,-0.989081621170044,-0.09416508674621582,-1.4180272817611694,-1.0271755456924438,-0.0003796815872192383,-0.6906160116195679,0.0,-0.11373782157897949,-0.08357298374176025,-1.4501482248306274,-0.45344769954681396,-0.0004341602325439453,-1.2310374975204468,0.0,-0.024238109588623047,-0.23457038402557373,-0.40186238288879395,-0.002940058708190918
-1.8396528959274292,-0.3724590539932251,-0.00764918327331543,-0.8218164443969727,-3.5762786865234375e-07,-1.2020243406295776,4.76837158203125e-07,-1.522965431213379,-0.05888926982879639,-9.417533874511719e-06,-0.7502732872962952,5.364418029785156e-07,-1.7322942018508911,-0.018958449363708496,-0.8675532341003418,-8.373990297317505,-0.021424531936645508,-6.1886067390441895,-1.5358418226242065,5.960464477539062e-07,-2.898842692375183,-0.175500750541687,-1.1177594661712646,-3.337860107421875e-06,-1.4414070844650269,-0.014635443687438965,-0.052182912826538086,-2.956390380859375e-05,-0.017943263053894043,-0.06293118000030518,-0.18187332153320312,-0.00016117095947265625,-0.00263291597366333,-0.0201684832572937,-0.021541357040405273,-0.0005440711975097656,-0.0002218484878540039,-0.00039374828338623047,-3.2073525190353394,-0.0001882314682006836
-1.8396528959274292,-0.3724590539932251,-0.00764918327331543,-0.8218164443969727,-3.5762786865234375e-07,-1.2020243406295776,4.76837158203125e-07,-1.522965431213379,-0.05888926982879639,-9.417533874511719e-06,-0.7502732872962952,5.364418029785156e-07,-1.7322942018508911,-0.018958449363708496,-0.8675532341003418,-8.373990297317505,-0.021424531936645508,-6.1886067390441895,-0.3662668466567993,-0.48858416080474854,-2.8065366744995117,-1.427490472793579,-4.142443060874939,-0.007035613059997559,-0.38897705078125,-1.940809965133667,-0.004353165626525879,-0.8041902780532837,-0.015358448028564453,-0.7027633190155029,-0.05701088905334473,-5.48945951461792,-2.5142264366149902,-0.6128253936767578,-0.0040283203125,-0.04310417175292969,-0.11526143550872803,-4.719640374183655,-0.19027328491210938,-6.146408557891846
-1.8396528959274292,-1.6252800226211548,-0.9349015951156616,-1.3560224771499634,-1.0371208190917969e-05,-1.597650408744812,0.0,-2.802091360092163,-1.3113021850585938e-06,-1.2975507974624634,-0.0003985166549682617,-0.0005906820297241211,-7.2325886487960815,-8.702278137207031e-06,-1.3609603643417358,-0.5614742040634155,-0.0759592056274414,-8.730455875396729,-1.1127886772155762,-6.774942398071289,-0.6538136005401611,-2.186079502105713
-1.8396528959274292,-0.3724590539932251,-0.00764918327331543,-0.8218164443969727,-3.5762786865234375e-07,-1.2020243406295776,4.76837158203125e-07,-1.522965431213379,-0.05888926982879639,-9.417533874511719e-06,-0.7502732872962952,5.364418029785156e-07,-1.7322942018508911,-0.018958449363708496,-5.501268684864044,-0.000474393367767334,-0.00385892391204834,4.76837158203125e-07,-0.6798228025436401,-1.6689300537109375e-06,-0.0004398822784423828,-9.894371032714844e-06,-3.790855407714844e-05,-0.0002218484878540039,-2.1457672119140625e-06,-0.0001888275146484375,-3.5762786865234375e-05,-1.0378401279449463,-8.792298018932343,-2.0811415314674377,-4.488184630870819,-0.00015550851821899414,-4.589557647705078e-06
-2.404165744781494,-0.02554774284362793,-0.05096632242202759,-0.08302730321884155,-2.681699514389038,-0.46059930324554443,-0.6883439421653748,-6.556510925292969e-07,-3.220586657524109,-1.7907954454421997,-8.957878947257996,-15.865810990333557,-0.4752023220062256,-3.2251174449920654,-0.7306115627288818,-2.386620283126831,-1.6703801155090332,-2.0571608543395996,-3.375715732574463,-2.0616164207458496,-1.911494255065918,-1.000943660736084,-2.706350088119507,-0.3114793300628662,-3.1171252727508545,-0.002808809280395508,-0.4362945556640625,-3.741779327392578,-1.2581543922424316,-0.2818465232849121,-3.0536234378814697,-2.2875726222991943,-1.1206245422363281,-4.912186145782471,-0.08532357215881348,-0.06822896003723145
-2.404165744781494,-0.02554774284362793,-0.05096632242202759,-0.08302730321884155,-2.9969252347946167,-0.489773154258728,-0.024259567260742188,-0.8195834159851074,-1.7881393432617188e-07,-0.08410698175430298,-3.814697265625e-06,-1.6920814514160156,-9.662295460700989,-0.05426490306854248,-11.533821702003479,-3.9030410051345825,-3.639389753341675,-1.6059658527374268,-11.374869346618652,-0.1566638946533203,-3.759925603866577,-0.8104150295257568,-0.09182238578796387,-1.9815070629119873,-0.01271677017211914,-1.52587890625e-05,-0.821596622467041,-9.5367431640625e-07,-0.09888553619384766,-0.00024080276489257812,-0.5646889209747314,-0.021172761917114258,-9.012222290039062e-05,-0.710930585861206,-2.0265579223632812e-06,-0.07075750827789307,-2.7061192989349365,-0.04419660568237305,-1.8358230590820312e-05,-12.185904026031494
-1.8396528959274292,-0.3724590539932251,-0.00764918327331543,-0.8218164443969727,-3.5762786865234375e-07,-1.2020243406295776,4.76837158203125e-07,-9.960977554321289,-0.11825478076934814,-1.0609626770019531e-05,-1.2109851837158203,2.384185791015625e-07,-4.325186371803284,-0.010408997535705566,-1.8082060813903809,-2.799265146255493,-0.0025676488876342773,-1.2482248544692993,-4.887580871582031e-06,-0.8473829030990601,-0.5796929597854614,-5.394501805305481,-0.6080652475357056,-0.0010410547256469727,-0.8995405435562134,-5.960464477539062e-07,-0.5710400342941284,-0.05056321620941162,-1.3669049739837646,-0.0005702972412109375,-4.769434571266174,-0.31477463245391846,-1.8551726341247559,-0.33560895919799805,-1.1166625022888184,-1.194685459136963,-1.6822819709777832,-7.396071672439575,-13.020137906074524,-6.296225666999817
-1.8396528959274292,-0.3724590539932251,-0.00764918327331543,-0.8218164443969727,-3.5762786865234375e-07,-1.2020243406295776,4.76837158203125e-07,-1.522965431213379,-0.05888926982879639,-9.417533874511719e-06,-0.7502732872962952,5.364418029785156e-07,-1.7322942018508911,-0.018958449363708496,-0.8675532341003418,-8.373990297317505,-0.021424531936645508,-6.1886067390441895,-0.3662668466567993,-2.7725459337234497,-0.04924046993255615,-0.00012123584747314453,-0.0008858442306518555,-7.116183400154114,-2.56308376789093,-2.168395161628723,-0.0018846988677978516,-0.3426814079284668,-0.9845337867736816,-2.314000129699707,-0.06246495246887207,-10.273885011672974,-0.16230356693267822,-5.960464477539062e-07,-5.911268711090088,-0.3561551570892334,-0.14833378791809082,-0.03180718421936035,-0.00044929981231689453,-3.7913635969161987
-1.8396528959274292,-2.455154061317444,-2.2589104175567627,-4.982948303222656e-05,-8.463859558105469e-06,-0.6980713605880737,-3.5762786865234375e-07,-2.0166081190109253,-1.430511474609375e-06,-7.107354164123535,-0.007093548774719238,-5.0902366638183594e-05,-0.44419610500335693,-2.5033950805664062e-06,-0.03497302532196045,-0.11232578754425049,-0.13750624656677246,-7.567026615142822,-2.6678987741470337,-5.260041356086731,-0.4152534008026123,-0.6417145729064941,-0.5610884428024292,-1.363651156425476,-0.0027959346771240234,-0.0008151531219482422
-2.404165744781494,-0.02554774284362793,-0.05096632242202759,-0.08302730321884155,-2.9969252347946167,-0.489773154258728,-0.024259567260742188,-0.8195834159851074,-1.7881393432617188e-07,-0.08410698175430298,-3.814697265625e-06,-1.6920814514160156,-0.4706707000732422,-9.28154468536377,-0.030632376670837402,-0.00011098384857177734,-0.6489312648773193,-1.1920928955078125e-06,-0.31080639362335205,-2.5153160095214844e-05,-3.5193897485733032,-1.2185696363449097,-0.004214167594909668,-0.00014221668243408203,-1.5139579772949219e-05,-0.17375457286834717,2.980232238769531e-07,-4.297494888305664e-05,-0.0024890899658203125,-0.07416284084320068,-0.4017506241798401,-0.020068228244781494,-1.562271237373352,-2.8961154222488403,-2.270937740802765,-0.9786984324455261,-0.0005573630332946777,-0.7074670195579529,4.172325134277344e-07,-17.078952133655548
-1.8396528959274292,-2.455154061317444,-2.2589104175567627,-4.982948303222656e-05,-8.463859558105469e-06,-0.6980713605880737,-3.5762786865234375e-07,-2.0166081190109253,-1.430511474609375e-06,-7.107354164123535,-0.007093548774719238,-5.0902366638183594e-05,-0.44419610500335693,-2.5033950805664062e-06,-0.03497302532196045,-0.11232578754425049,-0.13750624656677246,-7.567026615142822,-0.7272170782089233,-0.598965048789978,-0.0006333589553833008,-0.0008274316787719727
-1.8396528959274292,-0.3724590539932251,-0.00764918327331543,-0.8218164443969727,-3.5762786865234375e-07,-1.2020243406295776,4.76837158203125e-07,-1.522965431213379,-0.05888926982879639,-9.417533874511719e-06,-0.7502732872962952,5.364418029785156e-07,-1.7322942018508911,-0.018958449363708496,-0.8675532341003418,-8.373990297317505,-0.021424531936645508,-6.1886067390441895,-1.5358418226242065,5.960464477539062e-07,-2.898842692375183,-0.175500750541687,-1.1634929180145264,-1.6380620002746582,-3.11654531955719,-4.657310128211975,-2.281777262687683,-0.4345782995223999,-1.7828521728515625,-0.6953115463256836,-1.40878164768219,-0.16325080394744873,-3.152639389038086,-0.09554934501647949,-2.4276905059814453,-1.3950741291046143,-0.1559457778930664,-0.10343527793884277,-0.15471017360687256,-2.180594325065613
-1.8396528959274292,-1.6252800226211548,-0.9349015951156616,-0.5371366739273071,-3.0800764560699463,-1.2874603271484375e-05,-6.472269773483276,-0.025423049926757812,-0.003417491912841797,-0.6543834209442139,3.814697265625e-06,-3.5657808780670166,-8.821487426757812e-06,-1.646049976348877,-2.9072102308273315,-0.007212519645690918,-10.584366202354431,-0.1072927713394165,-2.2807871103286743,-0.062468886375427246,-7.96941065788269,-0.006911039352416992,-4.913731098175049,-0.025856971740722656,-6.5020973682403564,-0.003393411636352539,-1.3431706428527832,-0.004096031188964844,-0.7229641675949097,1.3113021850585938e-06,-0.0019631385803222656,-0.0007162094116210938,-1.4654388427734375,-0.08799457550048828
-1.8396528959274292,-1.6252800226211548,-0.9349015951156616,-0.5371366739273071,-0.2583353519439697,-0.15203797817230225,-1.700416088104248,-0.7128971815109253,-3.451108932495117e-05,-0.6688874363899231,8.344650268554688e-07,-6.280565142631531,-7.152557373046875e-07,-4.6150221824646,-0.9081321954727173,-0.619857907295227,-6.4373016357421875e-06,-3.1315464973449707,-0.0403057336807251,-3.697109341621399,-0.001731276512145996,-2.862162232398987,-0.01451098918914795,-1.030410885810852,-0.11822164058685303,-8.1075359582901,-0.49785757064819336,-0.09341621398925781,-0.04736125469207764,-0.014094710350036621,-0.15446913242340088,-0.0010696649551391602,-0.0012102127075195312,-0.014728069305419922,-0.1971585750579834,-10.78204607963562,-16.247978568077087,-16.880138516426086,-14.888399600982666
-1.8396528959274292,-0.3724590539932251,-0.00764918327331543,-0.8218164443969727,-3.5762786865234375e-07,-1.2020243406295776,4.76837158203125e-07,-1.522965431213379,-0.05888926982879639,-9.417533874511719e-06,-0.7502732872962952,5.364418029785156e-07,-1.7322942018508911,-0.018958449363708496,-1.4878945350646973,-2.384185791015625e-07,-9.109853506088257,-0.022919178009033203,-3.0275917053222656,-0.03762221336364746,-0.7626903057098389,-0.09167981147766113,-0.06279706954956055,-0.3914985656738281,-0.0006951093673706055,-0.0006563663482666016,-0.26450979709625244,-0.38672375679016113,-3.256653845310211,-0.05586785078048706,-1.677126169204712,-0.10326242446899414,-0.001803576946258545,-0.8927190899848938,-2.1457672119140625e-06,-0.30783963203430176,-0.011043250560760498,-2.7263521552085876,-0.0533297061920166,-0.0022155046463012695
-1.8396528959274292,-1.6252800226211548,-0.9349015951156616,-2.627085328102112,-7.033348083496094e-06,-0.14400184154510498,-0.00033271312713623047,-16.95297372341156,-0.00023508071899414062,-0.14613103866577148
-1.8396528959274292,-0.3724590539932251,-0.00764918327331543,-0.8218164443969727,-3.5762786865234375e-07,-1.2020243406295776,4.76837158203125e-07,-1.522965431213379,-0.05888926982879639,-9.417533874511719e-06,-0.7502732872962952,5.364418029785156e-07,-1.7322942018508911,-0.018958449363708496,-1.4878945350646973,-2.384185791015625e-07,-5.785148441791534,-4.500150680541992e-05,-14.093067049980164,-13.891977429389954,-3.075251340866089,-5.224694490432739,-0.028309345245361328,-4.560535907745361,-15.432645559310913,-7.989640474319458,-4.2117860317230225,-5.784931421279907,-0.8986845016479492,-1.5986456871032715,-0.1983177661895752,-0.8032715320587158,-0.01232147216796875,-0.008876800537109375,-3.532682180404663,-0.2293407917022705,-0.6235671043395996,-0.037894248962402344,-3.154470205307007,-0.05631518363952637
-1.8396528959274292,-0.3724590539932251,-0.00764918327331543,-0.8218164443969727,-3.5762786865234375e-07,-1.2020243406295776,4.76837158203125e-07,-1.522965431213379,-0.05888926982879639,-9.417533874511719e-06,-0.7502732872962952,5.364418029785156e-07,-1.7322942018508911,-0.018958449363708496,-1.4878945350646973,-2.384185791015625e-07,-9.109853506088257,-0.022919178009033203,-2.011319398880005,-9.5367431640625e-07,-6.049186587333679,-5.6624412536621094e-05,-0.0007890462875366211,-8.344650268554688e-07,-3.3855438232421875e-05,-0.013747930526733398,-0.08207929134368896,-2.7418136596679688e-06,-0.00010198354721069336,-0.015953123569488525,-0.0003789067268371582,-2.5928020477294922e-05,-0.00011730194091796875,-7.867813110351562e-06,-0.12240546941757202,-0.00018221139907836914
-1.8396528959274292,-1.6252800226211548,-0.9349015951156616,-0.5371366739273071,-0.2583353519439697,-0.15203797817230225,-1.700416088104248,-0.7128971815109253,-3.451108932495117e-05,-0.6688874363899231,8.344650268554688e-07,-6.280565142631531,-7.152557373046875e-07,-4.6150221824646,-1.5666735172271729,-0.00013113021850585938,-2.099913716316223,-1.7881393432617188e-06,-0.989081621170044,-0.09416508674621582,-1.4180272817611694,-4.378069281578064,-0.16248953342437744,-7.574830174446106,-0.12423288822174072,-0.4926077127456665,-0.0015434026718139648,-0.7760447263717651,3.5762786865234375e-07,-0.2094796895980835,-0.06626641750335693,-0.3502465486526489,-1.760108232498169,-0.0022394657135009766,-0.7707192897796631,-2.384185791015625e-07,-0.02227926254272461,-0.0972127914428711,-3.141584873199463,-15.053979396820068
-1.8396528959274292,-1.6252800226211548,-0.9349015951156616,-1.3560224771499634,-1.0371208190917969e-05,-1.597650408744812,0.0,-2.802091360092163,-1.3113021850585938e-06,-1.2975507974624634,-0.0003985166549682617,-0.0005906820297241211,-7.2325886487960815,-8.702278137207031e-06,-1.3609603643417358,-0.5614742040634155,-0.0759592056274414,-8.730455875396729,-1.3750457763671875,-1.3415889739990234,-0.0010040998458862305,-0.0017632246017456055
-1.8396528959274292,-0.3724590539932251,-0.00764918327331543,-0.8218164443969727,-3.5762786865234375e-07,-1.2020243406295776,4.76837158203125e-07,-1.522965431213379,-0.05888926982879639,-9.417533874511719e-06,-0.7502732872962952,5.364418029785156e-07,-1.7322942018508911,-0.018958449363708496,-1.4878945350646973,-2.384185791015625e-07,-9.109853506088257,-0.022919178009033203,-4.181277871131897,-6.401538848876953e-05,-1.5415422916412354,-0.5284862518310547,-0.5754010677337646,-2.8849430084228516,-0.13303780555725098,-4.892003297805786,-5.602836608886719e-06,-0.0011473894119262695,-9.37127435207367,-0.6484559774398804,-0.6032372713088989,-0.9816833734512329,-1.8543236255645752,-1.8828511238098145,-15.261753559112549,-3.4497287273406982,-3.769976258277893,-0.2105330228805542,-0.022140860557556152
-1.8396528959274292,-0.3724590539932251,-0.00764918327331543,-0.8218164443969727,-3.5762786865234375e-07,-1.2020243406295776,4.76837158203125e-07,-2.6254730224609375,-5.066394805908203e-06,-0.8075829148292542,-5.7220458984375e-06,-2.3652015924453735,-2.7418136596679688e-06,-2.8919962644577026,-0.0030838847160339355,-5.4895877838134766e-05,-1.0442668795585632,-7.927417755126953e-06,-6.211175322532654,-1.3451939821243286,-4.221747636795044,-0.03157496452331543,-0.00031507015228271484,-0.6547762155532837,5.960464477539062e-07,-0.003276228904724121,-0.007198929786682129,-4.541425347328186,-0.0015996694564819336,-1.066769003868103,-2.2649765014648438e-06,-0.5032051801681519,-0.00017917156219482422,-1.7309471368789673,-4.188376069068909,-0.22923076152801514,-3.3786877393722534,-0.7772167921066284,-0.7004473209381104,-13.394376754760742
-1.8396528959274292,-0.3724590539932251,-0.00764918327331543,-0.8218164443969727,-3.5762786865234375e-07,-1.2020243406295776,4.76837158203125e-07,-1.522965431213379,-0.05888926982879639,-9.417533874511719e-06,-0.7502732872962952,5.364418029785156e-07,-1.7322942018508911,-0.018958449363708496,-0.8675532341003418,-8.373990297317505,-0.021424531936645508,-6.1886067390441895,-0.3662668466567993,-0.48858416080474854,-2.8065366744995117,-1.427490472793579,-4.142443060874939,-0.007035613059997559,-0.38897705078125,-4.381824731826782,-0.16306841373443604,-1.2041317224502563,-0.004572391510009766,-0.6976566314697266,-0.003927826881408691,-1.291509985923767,-0.01384425163269043,-4.5079076290130615,-0.040967583656311035,-3.202846884727478,-0.0041615962982177734,-4.4327170848846436,-0.11909329891204834,-5.935340523719788
-1.8396528959274292,-2.455154061317444,-2.2589104175567627,-4.982948303222656e-05,-8.463859558105469e-06,-0.6980713605880737,-3.5762786865234375e-07,-2.0166081190109253,-1.430511474609375e-06,-7.107354164123535,-0.007093548774719238,-5.0902366638183594e-05,-0.44419610500335693,-2.5033950805664062e-06,-0.03497302532196045,-0.11232578754425049,-2.4993196725845337,-3.5762786865234375e-07,-9.583205103874207,-0.00038635730743408203,-10.532859921455383,-12.803237318992615,-3.2438158988952637,-2.0504493713378906,-0.41936302185058594,-0.40424156188964844,-3.949741840362549,-3.348456859588623,-14.558006048202515,-0.9948351383209229
-1.8396528959274292,-0.3724590539932251,-0.00764918327331543,-0.8218164443969727,-3.5762786865234375e-07,-1.2020243406295776,4.76837158203125e-07,-1.522965431213379,-0.05888926982879639,-9.417533874511719e-06,-0.7502732872962952,5.364418029785156e-07,-1.7322942018508911,-0.018958449363708496,-0.8675532341003418,-8.373990297317505,-0.021424531936645508,-6.1886067390441895,-1.5358418226242065,5.960464477539062e-07,-2.898842692375183,-0.175500750541687,-1.4831582307815552,-0.0015965700149536133,-4.583486557006836,-0.3146939277648926,-0.44586098194122314,-0.030609488487243652,-5.514055371284485,-2.787857413291931,-0.3067218065261841,-0.08909356594085693,-0.016933321952819824,-0.035213589668273926,-0.0020325183868408203,-4.029351472854614,-0.17018604278564453
-1.8396528959274292,-0.3724590539932251,-0.00764918327331543,-0.8218164443969727,-3.5762786865234375e-07,-1.2020243406295776,4.76837158203125e-07,-1.522965431213379,-0.05888926982879639,-9.417533874511719e-06,-0.7502732872962952,5.364418029785156e-07,-1.7322942018508911,-0.018958449363708496,-0.8675532341003418,-8.373990297317505,-0.021424531936645508,-6.1886067390441895,-0.3662668466567993,-1.7942596673965454,-0.3509817123413086,-7.036893606185913,-0.00035560131072998047,-0.011321425437927246
-1.8396528959274292,-1.6252800226211548,-0.9349015951156616,-0.5371366739273071,-0.2583353519439697,-0.15203797817230225,-1.700416088104248,-0.7128971815109253,-3.451108932495117e-05,-0.6688874363899231,8.344650268554688e-07,-6.280565142631531,-7.152557373046875e-07,-4.6150221824646,-3.7430912256240845,-1.8133584260940552,-1.8492275476455688,-0.0012611150741577148,-0.9207006692886353,1.0728836059570312e-06,-1.2540608644485474,-0.25201547145843506,-1.030469536781311,-0.00019490718841552734,-1.8239004611968994,-4.76837158203125e-07,-2.434035062789917,-0.22379589080810547,-1.4583404064178467,-0.6456634998321533,-0.020108461380004883,-0.04459881782531738,-9.417533874511719e-05,-1.5201780796051025,-3.5762786865234375e-07,-2.810054898262024,-1.260711908340454,-0.18501663208007812,-16.410128831863403,-7.999011039733887
-1.8396528959274292,-1.6252800226211548,-0.9349015951156616,-0.5371366739273071,-0.2583353519439697,-0.15203797817230225,-1.700416088104248,-0.7531498670578003,-9.864568710327148e-05,-12.779723703861237,-0.00011432170867919922,-0.1793304681777954
-1.8396528959274292,-0.3724590539932251,-0.00764918327331543,-0.8218164443969727,-3.5762786865234375e-07,-1.2020243406295776,4.76837158203125e-07,-1.522965431213379,-0.05888926982879639,-9.417533874511719e-06,-0.7502732872962952,5.364418029785156e-07,-1.7322942018508911,-0.018958449363708496,-3.2316755056381226,-3.5762786865234375e-07,-0.004549086093902588,-0.6651881337165833,-1.5658313632011414,-0.5271331667900085,-9.610747575759888,-0.00931096076965332,1.0728836059570312e-06,-0.0039037466049194336,5.960464477539063e-08,-0.00025779008865356445,-1.0132789611816406e-06,-11.832339465618134,-1.5735626220703125e-05,-2.6226043701171875e-06,-9.158629059791565,-4.887580871582031e-06,-6.356694579124451,-0.001925349235534668,-2.9802322387695312e-06,-1.0728836059570312e-06,1.9073486328125e-06,-13.647852420806885,-0.021126151084899902,-19.214247345924377
-1.8396528959274292,-0.3724590539932251,-0.00764918327331543,-0.8218164443969727,-3.5762786865234375e-07,-1.2020243406295776,4.76837158203125e-07,-1.522965431213379,-0.05888926982879639,-9.417533874511719e-06,-0.7502732872962952,5.364418029785156e-07,-1.7322942018508911,-0.018958449363708496,-0.8675532341003418,-8.373990297317505,-0.021424531936645508,-6.1886067390441895,-0.3662668466567993,-3.184850335121155,-0.029000282287597656,-0.18444252014160156,1.1920928955078125e-06,-1.8237593173980713,-1.1324882507324219e-05,-1.91472327709198,-0.30384814739227295,-0.0013641119003295898,-0.21628522872924805,-4.76837158203125e-07,-0.12109518051147461,-0.04715299606323242,-3.241119146347046,-0.0005323886871337891,-1.5136585235595703,-1.9073486328125e-06,-1.238045334815979,-0.07578909397125244,-15.761296272277832,-0.09276938438415527
-2.404165744781494,-0.02554774284362793,-3.2134493589401245,-9.631032824516296,-3.4771740436553955,-0.13613533973693848,-1.5020370483398438e-05,-0.779550313949585,2.384185791015625e-07,-0.363938570022583,2.384185791015625e-06,-1.698561668395996,-0.05406177043914795,-4.649162292480469e-06,-0.36478519439697266,-7.152557373046875e-07,-0.9886962175369263,-0.7323099374771118,-1.6366913318634033,-1.074859619140625,-1.430511474609375e-06,-0.6061444282531738,9.5367431640625e-07,-0.04922962188720703,-0.13098657131195068,-0.009445786476135254,-3.814697265625e-06,-0.7781486511230469,1.1920928955078125e-07,-2.3603439331054688e-05,-1.7881393432617188e-06,-1.1362290382385254,-0.004188120365142822,-3.039836883544922e-06,-0.6956350207328796,1.7881393432617188e-07,-9.000301361083984e-06,-13.197944462299347,-19.938833475112915,-13.803033590316772
-1.8396528959274292,-0.3724590539932251,-0.00764918327331543,-0.8218164443969727,-3.5762786865234375e-07,-1.2020243406295776,4.76837158203125e-07,-1.522965431213379,-0.05888926982879639,-9.417533874511719e-06,-0.7502732872962952,5.364418029785156e-07,-1.7322942018508911,-0.018958449363708496,-1.4878945350646973,-2.384185791015625e-07,-9.109853506088257,-0.022919178009033203,-1.7349175214767456,-0.0009769201278686523,-0.9002209901809692,-0.5670675039291382,-1.3503919839859009,-0.14293372631072998,-1.4057782888412476,-1.0879887342453003,-0.5358762145042419,-0.9729419350624084,-0.20871371030807495,-1.9174757599830627,-1.8423012495040894,-1.42825186252594,-1.504170536994934,-0.018643736839294434,-0.0018319487571716309,-0.8279302716255188,-1.0728836059570312e-06,-0.28501033782958984,-0.17753607034683228,-1.7225337624549866
-1.8396528959274292,-0.3724590539932251,-0.00764918327331543,-0.8218164443969727,-3.5762786865234375e-07,-1.2020243406295776,4.76837158203125e-07,-2.6254730224609375,-5.066394805908203e-06,-0.8075829148292542,-5.7220458984375e-06,-2.3652015924453735,-2.7418136596679688e-06,-2.8919962644577026,-0.0030838847160339355,-5.4895877838134766e-05,-1.0442668795585632,-7.927417755126953e-06,-6.211175322532654,-0.5744653940200806,-0.5955982208251953,-7.534027099609375e-05,-2.3227412700653076,-2.1457672119140625e-06,-0.8907662630081177,-1.1937737464904785,-0.17071515321731567,-0.00032025575637817383,-0.5814509391784668,-2.6226043701171875e-06,-0.21333497762680054,-0.4658699631690979,-1.0558652877807617,-0.0005517005920410156,-0.6838489174842834,-1.8477439880371094e-06,-0.15169250965118408,-1.1130051612854004,-22.309881448745728,-0.3469430208206177
-2.404165744781494,-0.02554774284362793,-0.05096632242202759,-0.08302730321884155,-2.681699514389038,-0.46059930324554443,-1.6752119064331055,-0.6688042879104614,-6.9771246910095215,-0.19820761680603027,-2.968311309814453e-05,-1.4601174592971802,5.960464477539062e-07,-0.45596277713775635,-0.000133514404296875,-3.9130043983459473,-0.03427278995513916,-4.756450653076172e-05,-2.2101958990097046,-1.5497207641601562e-06,-2.369992733001709,-0.5106713771820068,-0.1832674741744995,-0.0001195669174194336,-0.7050658464431763,-1.5497207641601562e-06,-0.39495158195495605,-0.16917848587036133,-3.6920270919799805,-0.22804594039916992,-2.3245811462402344e-05,-0.7783766984939575,5.364418029785156e-07,-0.13229495286941528,-1.1563301086425781e-05,-2.6080769300460815,-0.07851094007492065,-1.4126300811767578e-05,-0.6006562113761902,-21.520665228366852
-1.8396528959274292,-0.3724590539932251,-0.00764918327331543,-0.8218164443969727,-3.5762786865234375e-07,-1.2020243406295776,4.76837158203125e-07,-1.522965431213379,-0.05888926982879639,-9.417533874511719e-06,-0.7502732872962952,5.364418029785156e-07,-1.7322942018508911,-0.018958449363708496,-0.8675532341003418,-8.373990297317505,-0.021424531936645508,-6.1886067390441895,-0.3662668466567993,-0.48858416080474854,-1.6093831062316895,-2.7451632022857666,-0.03822767734527588,-0.00018846988677978516,-4.404804706573486,4.76837158203125e-07,-0.8327832221984863,-0.00015163421630859375,-1.7032071352005005,-0.18542206287384033,-0.10033655166625977,-0.17632460594177246,-0.0002218484878540039,-0.14042961597442627,-2.1457672119140625e-06,-0.006256103515625,-0.01761716604232788,-0.38231736421585083,-2.223776936531067,-6.540855526924133
-1.8396528959274292,-1.6252800226211548,-0.9349015951156616,-1.3560224771499634,-1.0371208190917969e-05,-1.597650408744812,0.0,-2.802091360092163,-1.3113021850585938e-06,-1.2975507974624634,-0.0003985166549682617,-0.0005906820297241211,-7.2325886487960815,-8.702278137207031e-06,-1.3609603643417358,-0.8449920415878296,-1.396297812461853,-0.48888099193573,-0.006269335746765137,-0.93932044506073,-2.2649765014648438e-06,-0.3975471258163452,-0.38549602031707764,-0.1325610876083374,-0.001517653465270996,-0.9521001577377319,-1.1920928955078125e-07,-0.6067765951156616,-0.025331437587738037,-0.8672800660133362,-0.0009748935699462891,-0.7483077049255371,-1.7881393432617188e-07,-0.3973931670188904,-0.2535441517829895,-1.340456783771515,-1.351559340953827,-0.054136455059051514,-1.6373881697654724,-7.957817018032074
-1.8396528959274292,-1.6252800226211548,-0.9349015951156616,-1.3560224771499634,-1.0371208190917969e-05,-1.597650408744812,0.0,-2.802091360092163,-1.3113021850585938e-06,-1.2975507974624634,-0.0003985166549682617,-0.0005906820297241211,-7.2325886487960815,-8.702278137207031e-06,-1.3609603643417358,-0.5614742040634155,-6.71990168094635,-0.1294041872024536,-0.0032578706741333008,3.5762786865234375e-07,-2.0828298330307007,-0.7767041921615601,-0.3996126651763916,-1.7658143043518066,-0.0009688138961791992,-0.368069052696228,-9.209491729736328,-18.687402486801147,2.6226043701171875e-06,-5.717209577560425,-0.3085458278656006,-3.8402225971221924,-0.0036551952362060547,-1.0752828121185303,-0.8310437202453613,-0.08838939666748047,-0.005777597427368164,-6.473006963729858,-0.8290205001831055,-15.411055564880371
-1.8396528959274292,-1.6252800226211548,-0.9349015951156616,-0.5371366739273071,-0.2583353519439697,-0.15203797817230225,-1.700416088104248,-0.7128971815109253,-3.451108932495117e-05,-0.6688874363899231,8.344650268554688e-07,-6.280565142631531,-7.152557373046875e-07,-4.6150221824646,-1.0411930084228516,-0.014127492904663086,-0.10459232330322266,-4.400762319564819,-2.4195300340652466,-3.3976622819900513,-3.928312301635742,-0.35959291458129883,-3.6687097549438477,-0.6808323860168457,-4.483886957168579,-2.484142303466797,-0.875451922416687,-0.002894759178161621,-0.10796737670898438,-2.078148365020752,-2.3754324913024902,-3.8981471061706543,-0.08431434631347656,-0.4508507251739502,-0.11349976062774658,-4.389842629432678,-0.2819284200668335,-0.05389702320098877,-0.019397735595703125,-0.28251028060913086
-1.8396528959274292,-1.6252800226211548,-0.9349015951156616,-0.5371366739273071,-0.2583353519439697,-0.15203797817230225,-1.700416088104248,-0.7531498670578003,-9.864568710327148e-05,-12.779723703861237,-0.00011432170867919922,-0.1793304681777954
-1.8396528959274292,-3.626317620277405,-0.008510708808898926,-0.43711745738983154,-3.409385681152344e-05,-6.1819798946380615,-0.004862666130065918,-7.646577000617981,-0.009026527404785156,-9.546377182006836,-0.21011900901794434,-2.5492327213287354,-0.0007534027099609375,-0.006097316741943359
-1.8396528959274292,-0.3724590539932251,-0.00764918327331543,-0.8218164443969727,-3.5762786865234375e-07,-1.2020243406295776,4.76837158203125e-07,-1.522965431213379,-0.05888926982879639,-9.417533874511719e-06,-0.7502732872962952,5.364418029785156e-07,-1.7322942018508911,-0.018958449363708496,-0.8675532341003418,-8.373990297317505,-0.021424531936645508,-6.1886067390441895,-1.5358418226242065,5.960464477539062e-07,-2.898842692375183,-0.175500750541687,-1.1177594661712646,-3.337860107421875e-06,-1.4414070844650269,-0.014635443687438965,-0.052182912826538086,-2.956390380859375e-05,-0.017943263053894043,-0.06293118000030518,-3.6579010486602783,-0.00026679039001464844,-0.0037366151809692383,-0.011206984519958496,-0.018571674823760986,-0.00017589330673217773,-0.0002784132957458496,-9.101629257202148e-05,-0.0370296835899353,-0.0005835890769958496
-1.8396528959274292,-0.3724590539932251,-0.00764918327331543,-0.8218164443969727,-3.5762786865234375e-07,-1.2020243406295776,4.76837158203125e-07,-1.522965431213379,-0.05888926982879639,-9.417533874511719e-06,-0.7502732872962952,5.364418029785156e-07,-1.7322942018508911,-0.018958449363708496,-0.8675532341003418,-8.373990297317505,-0.021424531936645508,-6.1886067390441895,-0.3662668466567993,-0.48858416080474854,-0.7298928499221802,-0.8903077840805054,-4.76837158203125e-06,-3.7587342262268066,-0.13184595108032227,-0.6908423900604248,-1.5974044799804688e-05,-3.1274819374084473,-0.0036962032318115234,-0.008819580078125,-1.9669532775878906e-05,-0.0322343111038208,-0.004464387893676758,-4.10881495475769,-0.001842498779296875,-1.239776611328125e-05,-0.005763888359069824,-0.0015178918838500977,-2.008676528930664e-05,-2.664327621459961e-05
-1.8396528959274292,-2.455154061317444,-2.2589104175567627,-4.982948303222656e-05,-8.463859558105469e-06,-0.6980713605880737,-3.5762786865234375e-07,-2.0166081190109253,-1.430511474609375e-06,-7.107354164123535,-0.007093548774719238,-5.0902366638183594e-05,-0.44419610500335693,-2.5033950805664062e-06,-0.03497302532196045,-0.11232578754425049,-2.4993196725845337,-3.5762786865234375e-07,-9.583205103874207,-0.00038635730743408203,-10.532859921455383,-12.803237318992615,-3.2438158988952637,-0.32439422607421875,-0.3393855094909668,-0.38060569763183594,-1.494375467300415,-0.5235693454742432,-0.8182806968688965,-0.3311281204223633,-0.00013172626495361328,-0.007914900779724121
-1.8396528959274292,-0.3724590539932251,-0.00764918327331543,-0.8218164443969727,-3.5762786865234375e-07,-1.2020243406295776,4.76837158203125e-07,-1.522965431213379,-0.05888926982879639,-9.417533874511719e-06,-0.7502732872962952,5.364418029785156e-07,-1.7322942018508911,-0.018958449363708496,-0.8675532341003418,-8.373990297317505,-0.021424531936645508,-6.1886067390441895,-1.5358418226242065,5.960464477539062e-07,-2.898842692375183,-0.175500750541687,-1.1177594661712646,-3.337860107421875e-06,-1.4414070844650269,-0.014635443687438965,-0.052182912826538086,-2.956390380859375e-05,-0.017943263053894043,-0.06293118000030518,-0.18187332153320312,-0.00016117095947265625,-0.00263291597366333,-0.0201684832572937,-0.021541357040405273,-0.0005440711975097656,-0.0002218484878540039,-0.00039374828338623047,-0.08612579107284546,-0.0003917813301086426
-1.8396528959274292,-0.3724590539932251,-0.00764918327331543,-0.8218164443969727,-3.5762786865234375e-07,-1.2020243406295776,4.76837158203125e-07,-2.6254730224609375,-5.066394805908203e-06,-0.8075829148292542,-5.7220458984375e-06,-2.3652015924453735,-2.7418136596679688e-06,-2.8919962644577026,-0.0030838847160339355,-5.4895877838134766e-05,-1.0442668795585632,-7.927417755126953e-06,-6.211175322532654,-0.5744653940200806,-0.5955982208251953,-7.534027099609375e-05,-2.3227412700653076,-2.1457672119140625e-06,-0.8907662630081177,-0.5563193559646606,-1.1676976680755615,-0.22046160697937012,-0.0037122368812561035,-0.9083152413368225,-3.337860107421875e-06,-1.66480553150177,-1.475157380104065,-0.080605149269104,-0.0004963874816894531,-0.7805173397064209,-1.4901161193847656e-06,-0.33377665281295776,-2.924991190433502,-12.171590030193329
-1.8396528959274292,-0.3724590539932251,-0.00764918327331543,-0.8218164443969727,-3.5762786865234375e-07,-1.2020243406295776,4.76837158203125e-07,-1.522965431213379,-0.05888926982879639,-9.417533874511719e-06,-0.7502732872962952,5.364418029785156e-07,-1.7322942018508911,-0.018958449363708496,-0.8675532341003418,-8.373990297317505,-0.021424531936645508,-6.1886067390441895,-1.5358418226242065,5.960464477539062e-07,-2.898842692375183,-0.175500750541687,-1.1634929180145264,-1.6380620002746582,-0.2544137239456177,-4.507624506950378,-5.9723854064941406e-05,-0.021780848503112793,-3.4533393383026123,-0.7676920890808105,-0.7870066165924072,-1.1842279434204102,-0.029284238815307617,-3.9944205284118652,-2.491474151611328e-05,-0.01917421817779541,-1.7766172885894775,-1.1836693286895752,-0.6828892230987549,-2.1100552082061768